---
title: "2022-03-28"
date: "2020-03-28"
---
## matrix operations
### Transpose (`T`)
$$
\begin{bmatrix}
1 & 2 & 3 \\
4 & 5 & 6 \\
7 & 8 & 9
\end{bmatrix}
=
\begin{bmatrix}
1 & 4 & 7 \\
2 & 5 & 8 \\
3 & 6 & 9
\end{bmatrix}
$$
แถวกลายเป็นคอลัมน์

### Conjugate transpose (`H` or `*`)
$$
\begin{bmatrix}
1 & 2 - 4i & 3 \\
4 & 5 & 6 \\
7 & 8 + i & 9
\end{bmatrix}
=
\begin{bmatrix}
1 & 4 & 7 \\
2 + 4i & 5 & 8-i \\
3 & 6 & 9
\end{bmatrix}
$$

### Linear Transformation (`L`)
$ A \times B $ แปลงให้เป็นจุดบนพื้นที่ว่าง
$$
\begin{bmatrix}
2 & 1 \\
1 & 2
\end{bmatrix}
\times
\begin{bmatrix}
1 & 0 & 2 \\
0 & 1 & 3 
\end{bmatrix}
=
\begin{bmatrix}
2 & 1 & 7 \\
1 & 2 & 8 
\end{bmatrix}
$$

translation matrix = same as in transform: translate() :)